"Results file for PSDM - Windows - Version 1.40"
"Time(min)    BVT(-)   VTM(m^3/kg)   Species 1          Species 2          Species 3          Species 4          Species 5          Species 6          "

0.00       0.00       0.00          0.000          0.000          0.000          0.000          0.000          0.000
633.60       193.61       0.48          0.000          0.000          0.000          0.000          0.000          0.000
1267.20       387.23       0.97          0.000          0.000          0.000          0.000          0.000          0.000
1900.80       580.84       1.45          0.000          0.000          0.000          0.000          0.000          0.000
2534.40       774.46       1.94          0.000          0.000          0.000          0.000          0.000          0.000
3168.00       968.07       2.42          0.000          0.000          0.000          0.000          0.000          0.000
3801.60       1161.68       2.91          0.000          0.000          0.000          0.000          0.000          0.000
4435.20       1355.30       3.39          0.000          0.000          0.000          0.000          0.000          0.000
5068.80       1548.91       3.87          0.000          0.000          0.000          0.000          0.000          0.000
5702.40       1742.53       4.36          0.000          0.000          0.000          0.000          0.000          0.000
6336.00       1936.14       4.84          0.000          0.000          0.000          0.000          0.000          0.000
6969.60       2129.75       5.33          0.000          0.000          0.000          0.000          0.000          0.000
7603.20       2323.37       5.81          0.000          0.000          0.000          0.000          0.000          0.000
8236.80       2516.98       6.30          0.000          0.000          0.000          0.000          0.000          0.000
8870.40       2710.59       6.78          0.000          0.000          0.000          0.000          0.000          0.000
9504.00       2904.21       7.26          0.000          0.000          0.000          0.000          0.000          0.000
10137.60       3097.82       7.75          0.000          0.000          0.000          0.000          0.000          0.000
10771.20       3291.44       8.23          0.000          0.000          0.000          0.000          0.000          0.000
11404.80       3485.05       8.72          0.000          0.000          0.000          0.000          0.000          0.000
12038.40       3678.66       9.20          0.000          0.000          0.000          0.000          0.000          0.000
12672.00       3872.28       9.69          0.000          0.000          0.000          0.000          0.000          0.000
13305.60       4065.89       10.17          0.000          0.000          0.000          0.000          0.000          0.000
13939.20       4259.51       10.65          0.000          0.000          0.000          0.000          0.000          0.000
14572.80       4453.12       11.14          0.000          0.000          0.000          0.000          0.000          0.000
15206.40       4646.73       11.62          0.000          0.000          0.000          0.000          0.000          0.000
15840.00       4840.35       12.11          0.000          0.000          0.000          0.000          0.000          0.000
16473.60       5033.96       12.59          0.000          0.000          0.000          0.000          0.000          0.000
17107.20       5227.58       13.08          0.000          0.000          0.000          0.000          0.000          0.000
17740.80       5421.19       13.56          0.000          0.000          0.000          0.000          0.000          0.000
18374.40       5614.80       14.04          0.000          0.000          0.000          0.000          0.000          0.000
19008.00       5808.42       14.53          0.000          0.000          0.000          0.000          0.000          0.000
19641.60       6002.03       15.01          0.000          0.000          0.000          0.000          0.000          0.000
20275.20       6195.64       15.50          0.000          0.000          0.000          0.000          0.000          0.000
20908.80       6389.26       15.98          0.000          0.000          0.000          0.000          0.000          0.000
21542.40       6582.87       16.47          0.000          0.000          0.000          0.000          0.000          0.000
22176.00       6776.49       16.95          0.000          0.000          0.000          0.000          0.000          0.000
22809.60       6970.10       17.43          0.000          0.000          0.000          0.000          0.000          0.000
23443.20       7163.71       17.92          0.000          0.000          0.000          0.000          0.000          0.000
24076.80       7357.33       18.40          0.000          0.000          0.000          0.000          0.000          0.000
24710.40       7550.94       18.89          0.000          0.000          0.000          0.000          0.000          0.000
25344.00       7744.56       19.37          0.000          0.000          0.000          0.000          0.000          0.000
25977.60       7938.17       19.86          0.000          0.000          0.000          0.000          0.000          0.000
26611.20       8131.78       20.34          0.000          0.000          0.000          0.000          0.000          0.000
27244.80       8325.40       20.82          0.000          0.000          0.000          0.000          0.000          0.000
27878.40       8519.01       21.31          0.000          0.000          0.000          0.000          0.000          0.000
28512.00       8712.63       21.79          0.000          0.000          0.000          0.000          0.000          0.000
29145.60       8906.24       22.28          0.000          0.000          0.000          0.000          0.000          0.000
29779.20       9099.85       22.76          0.000          0.000          0.000          0.000          0.000          0.000
30412.80       9293.47       23.25          0.000          0.000          0.000          0.000          0.000          0.000
31046.40       9487.08       23.73          0.000          0.000          0.000          0.000          0.000          0.000
31680.00       9680.69       24.21          0.000          0.000          0.000          0.000          0.000          0.000
32313.60       9874.31       24.70          0.000          0.000          0.000          0.000          0.000          0.000
32947.20       10067.92       25.18          0.000          0.000          0.000          0.000          0.000          0.000
33580.80       10261.54       25.67          0.000          0.000          0.000          0.000          0.000          0.000
34214.40       10455.15       26.15          0.000          0.000          0.000          0.000          0.000          0.000
34848.00       10648.76       26.64          0.000          0.000          0.000          0.000          0.000          0.000
35481.60       10842.38       27.12          0.000          0.000          0.000          0.000          0.000          0.000
36115.20       11035.99       27.60          0.000          0.000          0.000          0.000          0.000          0.000
36748.80       11229.61       28.09          0.000          0.000          0.000          0.000          0.000          0.000
37382.40       11423.22       28.57          0.000          0.000          0.000          0.000          0.000          0.000
38016.00       11616.83       29.06          0.000          0.000          0.000          0.000          0.000          0.000
38649.60       11810.45       29.54          0.000          0.000          0.000          0.000          0.000          0.000
39283.20       12004.06       30.03          0.000          0.000          0.000          0.000          0.000          0.000
39916.80       12197.68       30.51          0.000          0.000          0.000          0.000          0.000          0.000
40550.40       12391.29       30.99          0.000          0.000          0.000          0.000          0.000          0.000
41184.00       12584.90       31.48          0.000          0.000          0.000          0.000          0.000          0.000
41817.60       12778.52       31.96          0.000          0.000          0.000          0.000          0.000          0.000
42451.20       12972.13       32.45          0.000          0.000          0.000          0.000          0.000          0.000
43084.80       13165.75       32.93          0.000          0.000          0.000          0.000          0.000          0.000
43718.40       13359.36       33.42          0.000          0.000          0.000          0.000          0.000          0.000
44352.00       13552.97       33.90          0.000          0.000          0.000          0.000          0.000          0.000
44985.60       13746.59       34.38          0.000          0.000          0.000          0.000          0.000          0.000
45619.20       13940.20       34.87          0.000          0.000          0.000          0.000          0.000          0.000
46252.80       14133.81       35.35          0.000          0.000          0.000          0.000          0.000          0.000
46886.40       14327.43       35.84          0.000          0.000          0.000          0.000          0.000          0.000
47520.00       14521.04       36.32          0.000          0.000          0.000          0.000          0.000          0.000
48153.60       14714.66       36.81          0.000          0.000          0.000          0.000          0.000          0.000
48787.20       14908.27       37.29          0.000          0.000          0.000          0.000          0.000          0.000
49420.80       15101.88       37.77          0.000          0.000          0.000          0.000          0.000          0.000
50054.40       15295.50       38.26          0.000          0.000          0.000          0.000          0.000          0.000
50688.00       15489.11       38.74          0.000          0.000          0.000          0.000          0.000          0.000
51321.60       15682.73       39.23          0.000          0.000          0.000          0.000          0.000          0.000
51955.20       15876.34       39.71          0.000          0.000          0.000          0.000          0.000          0.000
52588.80       16069.95       40.20          0.000          0.000          0.000          0.000          0.000          0.000
53222.40       16263.57       40.68          0.000          0.000          0.000          0.000          0.000          0.000
53856.00       16457.18       41.16          0.000          0.000          0.000          0.000          0.000          0.000
54489.60       16650.80       41.65          0.000          0.000          0.000          0.000          0.000          0.000
55123.20       16844.41       42.13          0.000          0.000          0.000          0.000          0.000          0.000
55756.80       17038.02       42.62          0.000          0.000          0.000          0.000          0.000          0.000
56390.40       17231.64       43.10          0.000          0.000          0.000          0.000          0.000          0.000
57024.00       17425.25       43.59          0.000          0.000          0.000          0.000          0.000          0.000
57657.60       17618.86       44.07          0.000          0.000          0.000          0.000          0.000          0.000
58291.20       17812.48       44.55          0.000          0.000          0.000          0.000          0.000          0.000
58924.80       18006.09       45.04          0.000          0.000          0.000          0.000          0.000          0.000
59558.40       18199.71       45.52          0.000          0.000          0.000          0.000          0.000          0.000
60192.00       18393.32       46.01          0.000          0.000          0.000          0.000          0.000          0.000
60825.60       18586.93       46.49          0.000          0.000          0.000          0.000          0.000          0.000
61459.20       18780.55       46.98          0.000          0.000          0.000          0.000          0.000          0.000
62092.80       18974.16       47.46          0.000          0.000          0.000          0.000          0.000          0.000
62726.40       19167.78       47.94          0.000          0.000          0.000          0.000          0.000          0.000
63360.00       19361.39       48.43          0.000          0.000          0.000          0.000          0.000          0.000
63993.60       19555.00       48.91          0.000          0.000          0.000          0.000          0.000          0.000
64627.20       19748.62       49.40          0.000          0.000          0.000          0.000          0.000          0.000
65260.80       19942.23       49.88          0.000          0.000          0.000          0.000          0.000          0.000
65894.40       20135.85       50.37          0.000          0.000          0.000          0.000          0.000          0.000
66528.00       20329.46       50.85          0.000          0.000          0.000          0.000          0.000          0.000
67161.60       20523.07       51.33          0.000          0.000          0.000          0.000          0.000          0.000
67795.20       20716.69       51.82          0.000          0.000          0.000          0.000          0.000          0.000
68428.80       20910.30       52.30          0.000          0.000          0.000          0.000          0.000          0.000
69062.40       21103.91       52.79          0.000          0.000          0.000          0.000          0.000          0.000
69696.00       21297.53       53.27          0.000          0.000          0.000          0.000          0.000          0.000
70329.60       21491.14       53.76          0.000          0.000          0.000          0.000          0.000          0.000
70963.20       21684.76       54.24          0.000          0.000          0.000          0.000          0.000          0.000
71596.80       21878.37       54.72          0.000          0.000          0.000          0.000          0.000          0.000
72230.40       22071.98       55.21          0.000          0.000          0.000          0.000          0.000          0.000
72864.00       22265.60       55.69          0.000          0.000          0.000          0.000          0.000          0.000
73497.60       22459.21       56.18          0.000          0.000          0.000          0.000          0.000          0.000
74131.20       22652.83       56.66          0.000          0.000          0.000          0.000          0.000          0.000
74764.80       22846.44       57.15          0.000          0.000          0.000          0.000          0.000          0.000
75398.40       23040.05       57.63          0.000          0.000          0.000          0.000          0.000          0.000
76032.00       23233.67       58.11          0.000          0.000          0.000          0.000          0.000          0.000
76665.60       23427.28       58.60          0.000          0.000          0.000          0.000          0.000          0.000
77299.20       23620.90       59.08          0.000          0.000          0.000          0.000          0.000          0.000
77932.80       23814.51       59.57          0.000          0.000          0.000          0.000          0.000          0.000
78566.40       24008.12       60.05          0.000          0.000          0.000          0.000          0.000          0.000
79200.00       24201.74       60.54          0.000          0.000          0.000          0.000          0.000          0.000
79833.60       24395.35       61.02          0.000          0.000          0.000          0.000          0.000          0.000
80467.20       24588.97       61.50          0.000          0.000          0.000          0.000          0.000          0.000
81100.80       24782.58       61.99          0.000          0.000          0.000          0.000          0.000          0.000
81734.40       24976.19       62.47          0.000          0.000          0.000          0.000          0.000          0.000
82368.00       25169.81       62.96          0.000          0.000          0.000          0.000          0.000          0.000
83001.60       25363.42       63.44          0.000          0.000          0.000          0.000          0.000          0.000
83635.20       25557.03       63.92          0.000          0.000          0.000          0.000          0.000          0.000
84268.80       25750.65       64.41          0.000          0.000          0.000          0.000          0.000          0.000
84902.40       25944.26       64.89          0.000          0.000          0.000          0.000          0.000          0.000
85536.00       26137.88       65.38          0.000          0.000          0.000          0.000          0.000          0.000
86169.60       26331.49       65.86          0.000          0.000          0.000          0.000          0.000          0.000
86803.20       26525.10       66.35          0.000          0.000          0.000          0.000          0.000          0.000
87436.80       26718.72       66.83          0.000          0.000          0.000          0.000          0.000          0.000
88070.40       26912.33       67.31          0.000          0.000          0.000          0.000          0.000          0.000
88704.00       27105.95       67.80          0.000          0.000          0.000          0.000          0.000          0.000
89337.60       27299.56       68.28          0.000          0.000          0.000          0.000          0.000          0.000
89971.20       27493.17       68.77          0.000          0.000          0.000          0.000          0.000          0.000
90604.80       27686.79       69.25          0.000          0.000          0.000          0.000          0.000          0.000
91238.40       27880.40       69.74          0.000          0.000          0.000          0.000          0.000          0.000
91872.00       28074.02       70.22          0.000          0.000          0.000          0.000          0.000          0.000
92505.60       28267.63       70.70          0.000          0.000          0.000          0.000          0.000          0.000
93139.20       28461.24       71.19          0.001          0.000          0.000          0.000          0.000          0.000
93772.80       28654.86       71.67          0.001          0.000          0.000          0.000          0.000          0.000
94406.40       28848.47       72.16          0.002          0.000          0.000          0.000          0.000          0.000
95040.00       29042.08       72.64          0.002          0.000          0.000          0.000          0.000          0.000
95673.60       29235.70       73.13          0.003          0.000          0.000          0.000          0.000          0.000
96307.20       29429.31       73.61          0.004          0.000          0.000          0.000          0.000          0.000
96940.80       29622.93       74.09          0.006          0.001          0.000          0.000          0.000          0.000
97574.40       29816.54       74.58          0.008          0.001          0.000          0.000          0.000          0.000
98208.00       30010.15       75.06          0.010          0.001          0.000          0.000          0.000          0.000
98841.60       30203.77       75.55          0.013          0.001          0.000          0.000          0.000          0.000
99475.20       30397.38       76.03          0.017          0.002          0.000          0.000          0.000          0.000
100108.80       30591.00       76.52          0.021          0.002          0.001          0.000          0.000          0.000
100742.40       30784.61       77.00          0.026          0.003          0.001          0.000          0.000          0.000
101376.00       30978.22       77.48          0.032          0.003          0.001          0.000          0.000          0.000
102009.60       31171.84       77.97          0.039          0.004          0.001          0.000          0.000          0.000
102643.20       31365.45       78.45          0.047          0.005          0.001          0.000          0.000          0.000
103276.80       31559.07       78.94          0.056          0.006          0.001          0.000          0.000          0.000
103910.40       31752.68       79.42          0.067          0.007          0.002          0.001          0.000          0.000
104544.00       31946.29       79.91          0.079          0.009          0.002          0.001          0.000          0.000
105177.60       32139.91       80.39          0.093          0.011          0.003          0.001          0.000          0.000
105811.20       32333.52       80.87          0.108          0.013          0.003          0.001          0.000          0.000
106444.80       32527.13       81.36          0.124          0.016          0.004          0.001          0.000          0.000
107078.40       32720.75       81.84          0.142          0.018          0.004          0.001          0.000          0.000
107712.00       32914.36       82.33          0.162          0.022          0.005          0.001          0.000          0.000
108345.60       33107.98       82.81          0.183          0.025          0.006          0.002          0.001          0.000
108979.20       33301.59       83.30          0.205          0.029          0.007          0.002          0.001          0.000
109612.80       33495.20       83.78          0.229          0.034          0.009          0.002          0.001          0.000
110246.40       33688.82       84.26          0.254          0.039          0.010          0.003          0.001          0.000
110880.00       33882.43       84.75          0.280          0.044          0.011          0.003          0.000          0.000
111513.60       34076.05       85.23          0.308          0.050          0.013          0.003          0.000          0.000
112147.20       34269.66       85.72          0.336          0.057          0.015          0.004          0.001          0.000
112780.80       34463.27       86.20          0.365          0.064          0.017          0.004          0.001          0.000
113414.40       34656.89       86.69          0.396          0.072          0.019          0.005          0.002          0.000
114048.00       34850.50       87.17          0.426          0.080          0.022          0.006          0.002          0.000
114681.60       35044.12       87.65          0.457          0.089          0.025          0.006          0.003          0.000
115315.20       35237.73       88.14          0.489          0.099          0.028          0.007          0.002          0.000
115948.80       35431.34       88.62          0.521          0.109          0.031          0.008          0.002          0.000
116582.40       35624.96       89.11          0.553          0.120          0.035          0.009          0.002          0.001
117216.00       35818.57       89.59          0.585          0.131          0.038          0.010          0.003          0.001
117849.60       36012.19       90.08          0.618          0.143          0.043          0.011          0.003          0.001
118483.20       36205.80       90.56          0.649          0.156          0.047          0.013          0.003          0.001
119116.80       36399.41       91.04          0.680          0.169          0.052          0.014          0.003          0.001
119750.40       36593.03       91.53          0.711          0.183          0.057          0.016          0.004          0.001
120384.00       36786.64       92.01          0.742          0.198          0.062          0.018          0.004          0.001
121017.60       36980.25       92.50          0.771          0.213          0.068          0.019          0.005          0.001
121651.20       37173.87       92.98          0.800          0.228          0.074          0.021          0.005          0.001
122284.80       37367.48       93.47          0.828          0.244          0.081          0.024          0.006          0.002
122918.40       37561.10       93.95          0.855          0.261          0.088          0.026          0.007          0.002
123552.00       37754.71       94.43          0.880          0.278          0.095          0.028          0.008          0.002
124185.60       37948.32       94.92          0.905          0.295          0.103          0.031          0.008          0.002
124819.20       38141.94       95.40          0.929          0.313          0.111          0.034          0.009          0.002
125452.80       38335.55       95.89          0.951          0.332          0.119          0.037          0.010          0.003
126086.40       38529.17       96.37          0.973          0.350          0.128          0.040          0.011          0.003
126720.00       38722.78       96.86          0.993          0.369          0.137          0.043          0.013          0.003
127353.60       38916.39       97.34          1.012          0.388          0.147          0.047          0.014          0.004
127987.20       39110.01       97.82          1.030          0.407          0.157          0.051          0.015          0.004
128620.80       39303.62       98.31          1.046          0.427          0.167          0.055          0.016          0.004
129254.40       39497.24       98.79          1.061          0.446          0.178          0.059          0.018          0.005
129888.00       39690.85       99.28          1.075          0.466          0.189          0.064          0.019          0.005
130521.60       39884.46       99.76          1.088          0.486          0.201          0.069          0.021          0.006
131155.20       40078.08       100.25          1.100          0.506          0.212          0.074          0.022          0.006
131788.80       40271.69       100.73          1.111          0.525          0.224          0.079          0.024          0.007
132422.40       40465.30       101.21          1.121          0.545          0.237          0.084          0.026          0.007
133056.00       40658.92       101.70          1.129          0.564          0.250          0.090          0.028          0.008
133689.60       40852.53       102.18          1.136          0.584          0.263          0.096          0.030          0.009
134323.20       41046.15       102.67          1.143          0.603          0.276          0.102          0.033          0.009
134956.80       41239.76       103.15          1.149          0.622          0.290          0.109          0.035          0.010
135590.40       41433.37       103.64          1.154          0.641          0.303          0.116          0.038          0.011
136224.00       41626.99       104.12          1.158          0.659          0.317          0.123          0.040          0.012
136857.60       41820.60       104.60          1.161          0.677          0.332          0.130          0.043          0.013
137491.20       42014.22       105.09          1.164          0.695          0.346          0.138          0.046          0.014
138124.80       42207.83       105.57          1.166          0.712          0.361          0.146          0.050          0.015
138758.40       42401.44       106.06          1.167          0.730          0.376          0.154          0.053          0.016
139392.00       42595.06       106.54          1.167          0.746          0.391          0.163          0.057          0.017
140025.60       42788.67       107.03          1.167          0.762          0.406          0.171          0.060          0.019
140659.20       42982.29       107.51          1.167          0.778          0.421          0.180          0.064          0.020
141292.80       43175.90       107.99          1.166          0.794          0.436          0.189          0.068          0.021
141926.40       43369.51       108.48          1.165          0.808          0.452          0.199          0.072          0.023
142560.00       43563.13       108.96          1.163          0.822          0.467          0.209          0.077          0.025
143193.60       43756.74       109.45          1.161          0.836          0.483          0.219          0.081          0.026
143827.20       43950.35       109.93          1.159          0.849          0.498          0.229          0.086          0.028
144460.80       44143.97       110.42          1.156          0.862          0.513          0.239          0.091          0.030
145094.40       44337.58       110.90          1.154          0.874          0.528          0.250          0.096          0.032
145728.00       44531.20       111.38          1.151          0.886          0.544          0.261          0.102          0.034
146361.60       44724.81       111.87          1.148          0.897          0.559          0.272          0.107          0.036
146995.20       44918.42       112.35          1.145          0.907          0.574          0.283          0.113          0.039
147628.80       45112.04       112.84          1.142          0.917          0.588          0.295          0.119          0.041
148262.40       45305.65       113.32          1.139          0.927          0.603          0.307          0.126          0.044
148896.00       45499.27       113.81          1.135          0.936          0.618          0.318          0.132          0.046
149529.60       45692.88       114.29          1.132          0.944          0.632          0.330          0.139          0.049
150163.20       45886.49       114.77          1.129          0.952          0.646          0.342          0.146          0.052
150796.80       46080.11       115.26          1.126          0.959          0.660          0.355          0.153          0.055
151430.40       46273.72       115.74          1.122          0.966          0.673          0.367          0.160          0.059
152064.00       46467.34       116.23          1.119          0.973          0.687          0.380          0.168          0.062
152697.60       46660.95       116.71          1.116          0.979          0.700          0.392          0.175          0.065
153331.20       46854.56       117.20          1.113          0.985          0.712          0.405          0.183          0.069
153964.80       47048.18       117.68          1.109          0.990          0.725          0.417          0.192          0.073
154598.40       47241.79       118.16          1.106          0.995          0.737          0.430          0.200          0.077
155232.00       47435.41       118.65          1.103          0.999          0.749          0.443          0.208          0.081
155865.60       47629.02       119.13          1.100          1.003          0.761          0.456          0.217          0.085
156499.20       47822.63       119.62          1.097          1.007          0.772          0.469          0.226          0.090
157132.80       48016.25       120.10          1.095          1.010          0.783          0.482          0.235          0.094
157766.40       48209.86       120.59          1.092          1.014          0.794          0.494          0.244          0.099
158400.00       48403.47       121.07          1.089          1.016          0.804          0.507          0.254          0.104
159033.60       48597.09       121.55          1.086          1.019          0.814          0.520          0.263          0.109
159667.20       48790.70       122.04          1.084          1.021          0.824          0.533          0.273          0.115
160300.80       48984.32       122.52          1.081          1.023          0.833          0.545          0.283          0.120
160934.40       49177.93       123.01          1.079          1.025          0.842          0.558          0.293          0.126
161568.00       49371.54       123.49          1.076          1.027          0.851          0.570          0.303          0.132
162201.60       49565.16       123.98          1.074          1.028          0.859          0.582          0.314          0.138
162835.20       49758.77       124.46          1.072          1.029          0.867          0.595          0.324          0.144
163468.80       49952.39       124.94          1.069          1.030          0.875          0.607          0.335          0.150
164102.40       50146.00       125.43          1.067          1.031          0.882          0.619          0.345          0.157
164736.00       50339.61       125.91          1.065          1.032          0.889          0.631          0.356          0.163
165369.60       50533.23       126.40          1.063          1.032          0.896          0.642          0.367          0.170
166003.20       50726.84       126.88          1.061          1.033          0.902          0.654          0.378          0.177
166636.80       50920.46       127.37          1.059          1.033          0.908          0.665          0.389          0.184
167270.40       51114.07       127.85          1.058          1.033          0.914          0.676          0.400          0.192
167904.00       51307.68       128.33          1.056          1.033          0.920          0.687          0.412          0.199
168537.60       51501.30       128.82          1.054          1.033          0.925          0.698          0.423          0.207
169171.20       51694.91       129.30          1.052          1.033          0.930          0.709          0.434          0.215
169804.80       51888.52       129.79          1.051          1.033          0.935          0.719          0.446          0.223
170438.40       52082.14       130.27          1.049          1.033          0.939          0.729          0.457          0.231
171072.00       52275.75       130.76          1.048          1.033          0.944          0.739          0.468          0.240
171705.60       52469.37       131.24          1.046          1.032          0.948          0.749          0.480          0.248
172339.20       52662.98       131.72          1.045          1.032          0.951          0.758          0.491          0.257
172972.80       52856.59       132.21          1.043          1.032          0.955          0.768          0.503          0.266
173606.40       53050.21       132.69          1.042          1.031          0.958          0.777          0.514          0.275
174240.00       53243.82       133.18          1.041          1.031          0.962          0.785          0.525          0.284
174873.60       53437.44       133.66          1.039          1.030          0.965          0.794          0.537          0.293
175507.20       53631.05       134.15          1.038          1.030          0.967          0.802          0.548          0.302
176140.80       53824.66       134.63          1.037          1.029          0.970          0.810          0.559          0.312
176774.40       54018.28       135.11          1.036          1.028          0.972          0.818          0.570          0.321
177408.00       54211.89       135.60          1.034          1.028          0.975          0.826          0.581          0.331
178041.60       54405.51       136.08          1.033          1.027          0.977          0.833          0.592          0.341
178675.20       54599.12       136.57          1.032          1.027          0.979          0.841          0.603          0.351
179308.80       54792.73       137.05          1.031          1.026          0.981          0.847          0.614          0.361
179942.40       54986.35       137.54          1.030          1.026          0.982          0.854          0.624          0.371
180576.00       55179.96       138.02          1.029          1.025          0.984          0.861          0.635          0.381
181209.60       55373.57       138.50          1.028          1.024          0.985          0.867          0.645          0.391
181843.20       55567.19       138.99          1.027          1.024          0.987          0.873          0.656          0.402
182476.80       55760.80       139.47          1.026          1.023          0.988          0.879          0.666          0.412
183110.40       55954.42       139.96          1.025          1.022          0.989          0.884          0.676          0.423
183744.00       56148.03       140.44          1.024          1.022          0.990          0.890          0.686          0.433
184377.60       56341.64       140.93          1.024          1.021          0.991          0.895          0.695          0.444
185011.20       56535.26       141.41          1.023          1.021          0.992          0.900          0.705          0.454
185644.80       56728.87       141.89          1.022          1.020          0.993          0.905          0.714          0.465
186278.40       56922.49       142.38          1.021          1.020          0.994          0.909          0.724          0.475
186912.00       57116.10       142.86          1.021          1.019          0.994          0.914          0.733          0.486
187545.60       57309.71       143.35          1.020          1.018          0.995          0.918          0.742          0.497
188179.20       57503.33       143.83          1.019          1.018          0.996          0.922          0.750          0.507
188812.80       57696.94       144.32          1.018          1.017          0.996          0.926          0.759          0.518
189446.40       57890.56       144.80          1.018          1.017          0.997          0.929          0.767          0.528
190080.00       58084.17       145.28          1.017          1.016          0.997          0.933          0.776          0.539
190713.60       58277.78       145.77          1.017          1.016          0.998          0.936          0.784          0.549
191347.20       58471.40       146.25          1.016          1.015          0.998          0.939          0.791          0.560
191980.80       58665.01       146.74          1.015          1.015          0.998          0.942          0.799          0.570
192614.40       58858.63       147.22          1.015          1.014          0.999          0.945          0.806          0.581
193248.00       59052.24       147.71          1.014          1.014          0.999          0.948          0.814          0.591
193881.60       59245.85       148.19          1.014          1.014          0.999          0.950          0.821          0.601
194515.20       59439.47       148.67          1.013          1.013          0.999          0.953          0.828          0.612
195148.80       59633.08       149.16          1.013          1.013          1.000          0.955          0.834          0.622
195782.40       59826.69       149.64          1.012          1.012          1.000          0.957          0.841          0.632
196416.00       60020.31       150.13          1.012          1.012          1.000          0.960          0.847          0.642
197049.60       60213.92       150.61          1.011          1.012          1.000          0.962          0.853          0.651
197683.20       60407.54       151.10          1.011          1.011          1.000          0.963          0.859          0.661
198316.80       60601.15       151.58          1.011          1.011          1.000          0.965          0.865          0.671
198950.40       60794.76       152.06          1.010          1.010          1.000          0.967          0.870          0.680
199584.00       60988.38       152.55          1.010          1.010          1.001          0.969          0.876          0.689
200217.60       61181.99       153.03          1.009          1.010          1.001          0.970          0.881          0.699
200851.20       61375.61       153.52          1.009          1.009          1.001          0.971          0.886          0.708
201484.80       61569.22       154.00          1.009          1.009          1.001          0.973          0.891          0.717
202118.40       61762.83       154.49          1.008          1.009          1.001          0.974          0.895          0.725
202752.00       61956.45       154.97          1.008          1.008          1.001          0.975          0.900          0.734
203385.60       62150.06       155.45          1.008          1.008          1.001          0.977          0.904          0.743
204019.20       62343.68       155.94          1.007          1.008          1.001          0.978          0.908          0.751
204652.80       62537.29       156.42          1.007          1.007          1.001          0.979          0.912          0.759
205286.40       62730.90       156.91          1.007          1.007          1.001          0.980          0.916          0.767
205920.00       62924.52       157.39          1.007          1.007          1.001          0.981          0.920          0.775
206553.60       63118.13       157.88          1.006          1.007          1.001          0.981          0.923          0.783
207187.20       63311.74       158.36          1.006          1.006          1.001          0.982          0.927          0.790
207820.80       63505.36       158.84          1.006          1.006          1.001          0.983          0.930          0.798
208454.40       63698.97       159.33          1.006          1.006          1.001          0.984          0.933          0.805
209088.00       63892.59       159.81          1.005          1.006          1.001          0.985          0.936          0.812
209721.60       64086.20       160.30          1.005          1.005          1.001          0.985          0.939          0.819
210355.20       64279.81       160.78          1.005          1.005          1.001          0.986          0.942          0.826
210988.80       64473.43       161.27          1.005          1.005          1.001          0.987          0.944          0.832
211622.40       64667.04       161.75          1.004          1.005          1.001          0.987          0.947          0.838
212256.00       64860.66       162.23          1.004          1.005          1.001          0.988          0.949          0.845
212889.60       65054.27       162.72          1.004          1.004          1.001          0.988          0.951          0.851
213523.20       65247.88       163.20          1.004          1.004          1.001          0.989          0.953          0.856
214156.80       65441.50       163.69          1.004          1.004          1.001          0.989          0.956          0.862
214790.40       65635.11       164.17          1.004          1.004          1.001          0.990          0.958          0.867
215424.00       65828.73       164.66          1.003          1.004          1.001          0.990          0.959          0.873
216057.60       66022.34       165.14          1.003          1.003          1.001          0.991          0.961          0.878
216691.20       66215.95       165.62          1.003          1.003          1.001          0.991          0.963          0.883
217324.80       66409.57       166.11          1.003          1.003          1.001          0.992          0.965          0.888
217958.40       66603.18       166.59          1.003          1.003          1.001          0.992          0.966          0.892
218592.00       66796.79       167.08          1.003          1.003          1.001          0.992          0.968          0.897
219225.60       66990.41       167.56          1.003          1.003          1.001          0.993          0.969          0.901
219859.20       67184.02       168.05          1.003          1.003          1.001          0.993          0.970          0.905
220492.80       67377.64       168.53          1.002          1.003          1.001          0.994          0.972          0.909
221126.40       67571.25       169.01          1.002          1.002          1.001          0.994          0.973          0.913
221760.00       67764.86       169.50          1.002          1.002          1.001          0.994          0.974          0.917
222393.60       67958.48       169.98          1.002          1.002          1.001          0.994          0.975          0.920
223027.20       68152.09       170.47          1.002          1.002          1.001          0.995          0.976          0.924
223660.80       68345.71       170.95          1.002          1.002          1.001          0.995          0.977          0.927
224294.40       68539.32       171.44          1.002          1.002          1.001          0.995          0.978          0.930
224928.00       68732.93       171.92          1.002          1.002          1.001          0.996          0.979          0.933
225561.60       68926.55       172.40          1.002          1.002          1.001          0.996          0.980          0.936
226195.20       69120.16       172.89          1.002          1.002          1.001          0.996          0.981          0.939
226828.80       69313.78       173.37          1.002          1.002          1.001          0.996          0.982          0.941
227462.40       69507.39       173.86          1.001          1.002          1.001          0.996          0.982          0.944
228096.00       69701.00       174.34          1.001          1.001          1.001          0.997          0.983          0.946
228729.60       69894.62       174.83          1.001          1.001          1.001          0.997          0.984          0.949
229363.20       70088.23       175.31          1.001          1.001          1.001          0.997          0.985          0.951
229996.80       70281.85       175.79          1.001          1.001          1.001          0.997          0.985          0.953
230630.40       70475.46       176.28          1.001          1.001          1.001          0.997          0.986          0.955
231264.00       70669.07       176.76          1.001          1.001          1.001          0.998          0.986          0.957
231897.60       70862.69       177.25          1.001          1.001          1.001          0.998          0.987          0.959
232531.20       71056.30       177.73          1.001          1.001          1.001          0.998          0.987          0.960
233164.80       71249.91       178.22          1.001          1.001          1.001          0.998          0.988          0.962
233798.40       71443.53       178.70          1.001          1.001          1.000          0.998          0.989          0.964
234432.00       71637.14       179.18          1.001          1.001          1.000          0.998          0.989          0.965
235065.60       71830.76       179.67          1.001          1.001          1.000          0.998          0.990          0.967
235699.20       72024.37       180.15          1.001          1.001          1.000          0.998          0.990          0.968
236332.80       72217.98       180.64          1.001          1.001          1.000          0.999          0.990          0.969
236966.40       72411.60       181.12          1.001          1.001          1.000          0.999          0.991          0.970
237600.00       72605.21       181.61          1.001          1.001          1.000          0.999          0.991          0.972
238233.60       72798.83       182.09          1.001          1.001          1.000          0.999          0.992          0.973
238867.20       72992.44       182.57          1.001          1.001          1.000          0.999          0.992          0.974
239500.80       73186.05       183.06          1.001          1.001          1.000          0.999          0.992          0.975
240134.40       73379.67       183.54          1.001          1.001          1.000          0.999          0.993          0.976
240768.00       73573.28       184.03          1.001          1.001          1.000          0.999          0.993          0.977
241401.60       73766.90       184.51          1.001          1.001          1.000          0.999          0.993          0.978
242035.20       73960.51       185.00          1.001          1.001          1.000          0.999          0.994          0.979
242668.80       74154.12       185.48          1.000          1.001          1.000          0.999          0.994          0.979
243302.40       74347.74       185.96          1.000          1.001          1.000          0.999          0.994          0.980
243936.00       74541.35       186.45          1.000          1.001          1.000          0.999          0.995          0.981
244569.60       74734.96       186.93          1.000          1.000          1.000          0.999          0.995          0.982
245203.20       74928.58       187.42          1.000          1.000          1.000          0.999          0.995          0.982
245836.80       75122.19       187.90          1.000          1.000          1.000          0.999          0.995          0.983
246470.40       75315.81       188.39          1.000          1.000          1.000          0.999          0.996          0.984
247104.00       75509.42       188.87          1.000          1.000          1.000          0.999          0.996          0.984
247737.60       75703.03       189.35          1.000          1.000          1.000          1.000          0.996          0.985
248371.20       75896.65       189.84          1.000          1.000          1.000          1.000          0.996          0.986
249004.80       76090.26       190.32          1.000          1.000          1.000          1.000          0.996          0.986
249638.40       76283.88       190.81          1.000          1.000          1.000          1.000          0.997          0.987
250000.00       76394.37       191.08          1.000          1.000          1.000          1.000          0.997          0.987
