"Results file for PSDM - Windows - Version 1.40"
"Time(min)    BVT(-)   VTM(m^3/kg)   PFBA          "

0.00       0.00       0.00          0.000
1440.00       440.03       1.10          0.000
2880.00       880.06       2.20          0.000
4320.00       1320.09       3.30          0.000
5760.00       1760.13       4.40          0.000
7200.00       2200.16       5.50          0.000
8640.00       2640.19       6.60          0.000
10080.00       3080.22       7.70          0.000
11520.00       3520.25       8.81          0.000
12960.00       3960.28       9.91          0.000
14400.00       4400.32       11.01          0.000
15840.00       4840.35       12.11          0.000
17280.00       5280.38       13.21          0.000
18720.00       5720.41       14.31          0.000
20160.00       6160.44       15.41          0.000
21600.00       6600.47       16.51          0.000
23040.00       7040.51       17.61          0.000
24480.00       7480.54       18.71          0.000
25920.00       7920.57       19.81          0.000
27360.00       8360.60       20.91          0.000
28800.00       8800.63       22.01          0.000
30240.00       9240.66       23.11          0.000
31680.00       9680.69       24.21          0.000
33120.00       10120.73       25.31          0.000
34560.00       10560.76       26.42          0.000
36000.00       11000.79       27.52          0.000
37440.00       11440.82       28.62          0.000
38880.00       11880.85       29.72          0.000
40320.00       12320.88       30.82          0.000
41760.00       12760.92       31.92          0.000
43200.00       13200.95       33.02          0.000
44640.00       13640.98       34.12          0.000
46080.00       14081.01       35.22          0.000
47520.00       14521.04       36.32          0.000
48960.00       14961.07       37.42          0.000
50400.00       15401.11       38.52          0.000
51840.00       15841.14       39.62          0.000
53280.00       16281.17       40.72          0.000
54720.00       16721.20       41.82          0.000
56160.00       17161.23       42.92          0.000
57600.00       17601.26       44.03          0.000
59040.00       18041.30       45.13          0.000
60480.00       18481.33       46.23          0.001
61920.00       18921.36       47.33          0.001
63360.00       19361.39       48.43          0.001
64800.00       19801.42       49.53          0.001
66240.00       20241.45       50.63          0.001
67680.00       20681.48       51.73          0.001
69120.00       21121.52       52.83          0.002
70560.00       21561.55       53.93          0.002
72000.00       22001.58       55.03          0.002
73440.00       22441.61       56.13          0.003
74880.00       22881.64       57.23          0.003
76320.00       23321.67       58.33          0.004
77760.00       23761.71       59.43          0.005
79200.00       24201.74       60.54          0.006
80640.00       24641.77       61.64          0.007
82080.00       25081.80       62.74          0.008
83520.00       25521.83       63.84          0.010
84960.00       25961.86       64.94          0.011
86400.00       26401.90       66.04          0.013
87840.00       26841.93       67.14          0.015
89280.00       27281.96       68.24          0.018
90720.00       27721.99       69.34          0.021
92160.00       28162.02       70.44          0.024
93600.00       28602.05       71.54          0.028
95040.00       29042.08       72.64          0.032
96480.00       29482.12       73.74          0.037
97920.00       29922.15       74.84          0.043
99360.00       30362.18       75.94          0.050
100800.00       30802.21       77.04          0.058
102240.00       31242.24       78.15          0.067
103680.00       31682.27       79.25          0.077
105120.00       32122.31       80.35          0.088
106560.00       32562.34       81.45          0.100
108000.00       33002.37       82.55          0.114
109440.00       33442.40       83.65          0.130
110880.00       33882.43       84.75          0.147
112320.00       34322.46       85.85          0.165
113760.00       34762.50       86.95          0.185
115200.00       35202.53       88.05          0.207
116640.00       35642.56       89.15          0.231
118080.00       36082.59       90.25          0.255
119520.00       36522.62       91.35          0.281
120960.00       36962.65       92.45          0.309
122400.00       37402.68       93.55          0.338
123840.00       37842.72       94.65          0.367
125280.00       38282.75       95.76          0.398
126720.00       38722.78       96.86          0.429
128160.00       39162.81       97.96          0.460
129600.00       39602.84       99.06          0.492
131040.00       40042.87       100.16          0.523
132480.00       40482.91       101.26          0.555
133920.00       40922.94       102.36          0.586
135360.00       41362.97       103.46          0.616
136800.00       41803.00       104.56          0.645
138240.00       42243.03       105.66          0.673
139680.00       42683.06       106.76          0.701
141120.00       43123.10       107.86          0.727
142560.00       43563.13       108.96          0.751
144000.00       44003.16       110.06          0.774
145440.00       44443.19       111.16          0.796
146880.00       44883.22       112.26          0.816
148320.00       45323.25       113.37          0.835
149760.00       45763.29       114.47          0.852
151200.00       46203.32       115.57          0.868
152640.00       46643.35       116.67          0.883
154080.00       47083.38       117.77          0.896
155520.00       47523.41       118.87          0.908
156960.00       47963.44       119.97          0.918
158400.00       48403.47       121.07          0.928
159840.00       48843.51       122.17          0.937
161280.00       49283.54       123.27          0.944
162720.00       49723.57       124.37          0.951
164160.00       50163.60       125.47          0.957
165600.00       50603.63       126.57          0.963
167040.00       51043.66       127.67          0.967
168480.00       51483.70       128.77          0.972
169920.00       51923.73       129.88          0.975
171360.00       52363.76       130.98          0.978
172800.00       52803.79       132.08          0.981
174240.00       53243.82       133.18          0.984
175680.00       53683.85       134.28          0.986
177120.00       54123.89       135.38          0.988
178560.00       54563.92       136.48          0.989
180000.00       55003.95       137.58          0.991
181440.00       55443.98       138.68          0.992
182880.00       55884.01       139.78          0.993
184320.00       56324.04       140.88          0.994
185760.00       56764.07       141.98          0.995
187200.00       57204.11       143.08          0.995
188640.00       57644.14       144.18          0.996
190080.00       58084.17       145.28          0.997
191520.00       58524.20       146.38          0.997
192960.00       58964.23       147.49          0.998
194400.00       59404.26       148.59          0.998
195840.00       59844.30       149.69          0.998
197280.00       60284.33       150.79          0.999
198720.00       60724.36       151.89          0.999
200160.00       61164.39       152.99          0.999
201600.00       61604.42       154.09          0.999
203040.00       62044.45       155.19          0.999
204480.00       62484.49       156.29          0.999
205920.00       62924.52       157.39          1.000
207360.00       63364.55       158.49          1.000
208800.00       63804.58       159.59          1.000
210240.00       64244.61       160.69          1.000
211680.00       64684.64       161.79          1.000
213120.00       65124.67       162.89          1.000
214560.00       65564.71       163.99          1.000
216000.00       66004.74       165.10          1.000
217440.00       66444.77       166.20          1.000
218880.00       66884.80       167.30          1.000
220320.00       67324.83       168.40          1.000
221760.00       67764.86       169.50          1.000
223200.00       68204.90       170.60          1.000
224640.00       68644.93       171.70          1.000
226080.00       69084.96       172.80          1.000
227520.00       69524.99       173.90          1.000
228960.00       69965.02       175.00          1.000
230400.00       70405.05       176.10          1.000
231840.00       70845.09       177.20          1.000
233280.00       71285.12       178.30          1.000
234720.00       71725.15       179.40          1.000
236160.00       72165.18       180.50          1.000
237600.00       72605.21       181.61          1.000
239040.00       73045.24       182.71          1.000
240480.00       73485.27       183.81          1.000
241920.00       73925.31       184.91          1.000
243360.00       74365.34       186.01          1.000
244800.00       74805.37       187.11          1.000
246240.00       75245.40       188.21          1.000
247680.00       75685.43       189.31          1.000
249120.00       76125.46       190.41          1.000
250000.00       76394.37       191.08          1.000
