"Results file for PSDM - Windows - Version 1.40"
"Time(min)    BVT(-)   VTM(m^3/kg)   PFBA          "

633.60       193.61       0.48          0.000
1267.20       387.23       0.97          0.000
1900.80       580.84       1.45          0.000
2534.40       774.46       1.94          0.000
3168.00       968.07       2.42          0.000
3801.60       1161.68       2.91          0.000
4435.20       1355.30       3.39          0.000
5068.80       1548.91       3.87          0.000
5702.40       1742.53       4.36          0.000
6336.00       1936.14       4.84          0.000
6969.60       2129.75       5.33          0.000
7603.20       2323.37       5.81          0.000
8236.80       2516.98       6.30          0.000
8870.40       2710.59       6.78          0.000
9504.00       2904.21       7.26          0.000
10137.60       3097.82       7.75          0.000
10771.20       3291.44       8.23          0.000
11404.80       3485.05       8.72          0.000
12038.40       3678.66       9.20          0.000
12672.00       3872.28       9.69          0.000
13305.60       4065.89       10.17          0.000
13939.20       4259.51       10.65          0.000
14572.80       4453.12       11.14          0.000
15206.40       4646.73       11.62          0.000
15840.00       4840.35       12.11          0.000
16473.60       5033.96       12.59          0.000
17107.20       5227.58       13.08          0.000
17740.80       5421.19       13.56          0.000
18374.40       5614.80       14.04          0.000
19008.00       5808.42       14.53          0.000
19641.60       6002.03       15.01          0.000
20275.20       6195.64       15.50          0.000
20908.80       6389.26       15.98          0.000
21542.40       6582.87       16.47          0.000
22176.00       6776.49       16.95          0.000
22809.60       6970.10       17.43          0.000
23443.20       7163.71       17.92          0.000
24076.80       7357.33       18.40          0.000
24710.40       7550.94       18.89          0.000
25344.00       7744.56       19.37          0.000
25977.60       7938.17       19.86          0.000
26611.20       8131.78       20.34          0.000
27244.80       8325.40       20.82          0.000
27878.40       8519.01       21.31          0.000
28512.00       8712.63       21.79          0.000
29145.60       8906.24       22.28          0.000
29779.20       9099.85       22.76          0.000
30412.80       9293.47       23.25          0.000
31046.40       9487.08       23.73          0.000
31680.00       9680.69       24.21          0.000
32313.60       9874.31       24.70          0.000
32947.20       10067.92       25.18          0.000
33580.80       10261.54       25.67          0.000
34214.40       10455.15       26.15          0.000
34848.00       10648.76       26.64          0.000
35481.60       10842.38       27.12          0.000
36115.20       11035.99       27.60          0.000
36748.80       11229.61       28.09          0.000
37382.40       11423.22       28.57          0.000
38016.00       11616.83       29.06          0.000
38649.60       11810.45       29.54          0.000
39283.20       12004.06       30.03          0.000
39916.80       12197.68       30.51          0.000
40550.40       12391.29       30.99          0.000
41184.00       12584.90       31.48          0.000
41817.60       12778.52       31.96          0.000
42451.20       12972.13       32.45          0.000
43084.80       13165.75       32.93          0.000
43718.40       13359.36       33.42          0.000
44352.00       13552.97       33.90          0.000
44985.60       13746.59       34.38          0.000
45619.20       13940.20       34.87          0.000
46252.80       14133.81       35.35          0.000
46886.40       14327.43       35.84          0.000
47520.00       14521.04       36.32          0.000
48153.60       14714.66       36.81          0.000
48787.20       14908.27       37.29          0.000
49420.80       15101.88       37.77          0.000
50054.40       15295.50       38.26          0.000
50688.00       15489.11       38.74          0.000
51321.60       15682.73       39.23          0.000
51955.20       15876.34       39.71          0.000
52588.80       16069.95       40.20          0.000
53222.40       16263.57       40.68          0.000
53856.00       16457.18       41.16          0.000
54489.60       16650.80       41.65          0.000
55123.20       16844.41       42.13          0.000
55756.80       17038.02       42.62          0.000
56390.40       17231.64       43.10          0.000
57024.00       17425.25       43.59          0.000
57657.60       17618.86       44.07          0.000
58291.20       17812.48       44.55          0.000
58924.80       18006.09       45.04          0.000
59558.40       18199.71       45.52          0.000
60192.00       18393.32       46.01          0.000
60825.60       18586.93       46.49          0.000
61459.20       18780.55       46.98          0.000
62092.80       18974.16       47.46          0.000
62726.40       19167.78       47.94          0.000
63360.00       19361.39       48.43          0.000
63993.60       19555.00       48.91          0.001
64627.20       19748.62       49.40          0.001
65260.80       19942.23       49.88          0.001
65894.40       20135.85       50.37          0.001
66528.00       20329.46       50.85          0.001
67161.60       20523.07       51.33          0.001
67795.20       20716.69       51.82          0.001
68428.80       20910.30       52.30          0.001
69062.40       21103.91       52.79          0.001
69696.00       21297.53       53.27          0.001
70329.60       21491.14       53.76          0.001
70963.20       21684.76       54.24          0.002
71596.80       21878.37       54.72          0.002
72230.40       22071.98       55.21          0.002
72864.00       22265.60       55.69          0.002
73497.60       22459.21       56.18          0.002
74131.20       22652.83       56.66          0.002
74764.80       22846.44       57.15          0.003
75398.40       23040.05       57.63          0.003
76032.00       23233.67       58.11          0.003
76665.60       23427.28       58.60          0.003
77299.20       23620.90       59.08          0.004
77932.80       23814.51       59.57          0.004
78566.40       24008.12       60.05          0.004
79200.00       24201.74       60.54          0.005
79833.60       24395.35       61.02          0.005
80467.20       24588.97       61.50          0.005
81100.80       24782.58       61.99          0.006
81734.40       24976.19       62.47          0.006
82368.00       25169.81       62.96          0.007
83001.60       25363.42       63.44          0.007
83635.20       25557.03       63.92          0.008
84268.80       25750.65       64.41          0.009
84902.40       25944.26       64.89          0.009
85536.00       26137.88       65.38          0.010
86169.60       26331.49       65.86          0.011
86803.20       26525.10       66.35          0.012
87436.80       26718.72       66.83          0.013
88070.40       26912.33       67.31          0.014
88704.00       27105.95       67.80          0.015
89337.60       27299.56       68.28          0.016
89971.20       27493.17       68.77          0.017
90604.80       27686.79       69.25          0.018
91238.40       27880.40       69.74          0.019
91872.00       28074.02       70.22          0.021
92505.60       28267.63       70.70          0.023
93139.20       28461.24       71.19          0.024
93772.80       28654.86       71.67          0.026
94406.40       28848.47       72.16          0.028
95040.00       29042.08       72.64          0.030
95673.60       29235.70       73.13          0.032
96307.20       29429.31       73.61          0.034
96940.80       29622.93       74.09          0.037
97574.40       29816.54       74.58          0.039
98208.00       30010.15       75.06          0.042
98841.60       30203.77       75.55          0.045
99475.20       30397.38       76.03          0.049
100108.80       30591.00       76.52          0.052
100742.40       30784.61       77.00          0.055
101376.00       30978.22       77.48          0.059
102009.60       31171.84       77.97          0.063
102643.20       31365.45       78.45          0.067
103276.80       31559.07       78.94          0.072
103910.40       31752.68       79.42          0.076
104544.00       31946.29       79.91          0.081
105177.60       32139.91       80.39          0.086
105811.20       32333.52       80.87          0.092
106444.80       32527.13       81.36          0.097
107078.40       32720.75       81.84          0.103
107712.00       32914.36       82.33          0.109
108345.60       33107.98       82.81          0.116
108979.20       33301.59       83.30          0.123
109612.80       33495.20       83.78          0.130
110246.40       33688.82       84.26          0.137
110880.00       33882.43       84.75          0.145
111513.60       34076.05       85.23          0.153
112147.20       34269.66       85.72          0.161
112780.80       34463.27       86.20          0.170
113414.40       34656.89       86.69          0.179
114048.00       34850.50       87.17          0.188
114681.60       35044.12       87.65          0.197
115315.20       35237.73       88.14          0.207
115948.80       35431.34       88.62          0.217
116582.40       35624.96       89.11          0.228
117216.00       35818.57       89.59          0.238
117849.60       36012.19       90.08          0.249
118483.20       36205.80       90.56          0.261
119116.80       36399.41       91.04          0.272
119750.40       36593.03       91.53          0.284
120384.00       36786.64       92.01          0.296
121017.60       36980.25       92.50          0.308
121651.20       37173.87       92.98          0.321
122284.80       37367.48       93.47          0.334
122918.40       37561.10       93.95          0.346
123552.00       37754.71       94.43          0.360
124185.60       37948.32       94.92          0.373
124819.20       38141.94       95.40          0.386
125452.80       38335.55       95.89          0.400
126086.40       38529.17       96.37          0.413
126720.00       38722.78       96.86          0.427
127353.60       38916.39       97.34          0.441
127987.20       39110.01       97.82          0.455
128620.80       39303.62       98.31          0.469
129254.40       39497.24       98.79          0.483
129888.00       39690.85       99.28          0.497
130521.60       39884.46       99.76          0.511
131155.20       40078.08       100.25          0.524
131788.80       40271.69       100.73          0.538
132422.40       40465.30       101.21          0.552
133056.00       40658.92       101.70          0.566
133689.60       40852.53       102.18          0.579
134323.20       41046.15       102.67          0.593
134956.80       41239.76       103.15          0.606
135590.40       41433.37       103.64          0.619
136224.00       41626.99       104.12          0.632
136857.60       41820.60       104.60          0.645
137491.20       42014.22       105.09          0.658
138124.80       42207.83       105.57          0.670
138758.40       42401.44       106.06          0.682
139392.00       42595.06       106.54          0.694
140025.60       42788.67       107.03          0.706
140659.20       42982.29       107.51          0.718
141292.80       43175.90       107.99          0.729
141926.40       43369.51       108.48          0.740
142560.00       43563.13       108.96          0.751
143193.60       43756.74       109.45          0.761
143827.20       43950.35       109.93          0.771
144460.80       44143.97       110.42          0.781
145094.40       44337.58       110.90          0.791
145728.00       44531.20       111.38          0.800
146361.60       44724.81       111.87          0.809
146995.20       44918.42       112.35          0.817
147628.80       45112.04       112.84          0.826
148262.40       45305.65       113.32          0.834
148896.00       45499.27       113.81          0.842
149529.60       45692.88       114.29          0.849
150163.20       45886.49       114.77          0.857
150796.80       46080.11       115.26          0.864
151430.40       46273.72       115.74          0.870
152064.00       46467.34       116.23          0.877
152697.60       46660.95       116.71          0.883
153331.20       46854.56       117.20          0.889
153964.80       47048.18       117.68          0.895
154598.40       47241.79       118.16          0.900
155232.00       47435.41       118.65          0.905
155865.60       47629.02       119.13          0.910
156499.20       47822.63       119.62          0.915
157132.80       48016.25       120.10          0.919
157766.40       48209.86       120.59          0.924
158400.00       48403.47       121.07          0.928
159033.60       48597.09       121.55          0.932
159667.20       48790.70       122.04          0.935
160300.80       48984.32       122.52          0.939
160934.40       49177.93       123.01          0.942
161568.00       49371.54       123.49          0.945
162201.60       49565.16       123.98          0.949
162835.20       49758.77       124.46          0.951
163468.80       49952.39       124.94          0.954
164102.40       50146.00       125.43          0.957
164736.00       50339.61       125.91          0.959
165369.60       50533.23       126.40          0.961
166003.20       50726.84       126.88          0.964
166636.80       50920.46       127.37          0.966
167270.40       51114.07       127.85          0.968
167904.00       51307.68       128.33          0.970
168537.60       51501.30       128.82          0.971
169171.20       51694.91       129.30          0.973
169804.80       51888.52       129.79          0.975
170438.40       52082.14       130.27          0.976
171072.00       52275.75       130.76          0.977
171705.60       52469.37       131.24          0.979
172339.20       52662.98       131.72          0.980
172972.80       52856.59       132.21          0.981
173606.40       53050.21       132.69          0.982
174240.00       53243.82       133.18          0.983
174873.60       53437.44       133.66          0.984
175507.20       53631.05       134.15          0.985
176140.80       53824.66       134.63          0.986
176774.40       54018.28       135.11          0.987
177408.00       54211.89       135.60          0.988
178041.60       54405.51       136.08          0.988
178675.20       54599.12       136.57          0.989
179308.80       54792.73       137.05          0.990
179942.40       54986.35       137.54          0.990
180576.00       55179.96       138.02          0.991
181209.60       55373.57       138.50          0.991
181843.20       55567.19       138.99          0.992
182476.80       55760.80       139.47          0.992
183110.40       55954.42       139.96          0.993
183744.00       56148.03       140.44          0.993
184377.60       56341.64       140.93          0.994
185011.20       56535.26       141.41          0.994
185644.80       56728.87       141.89          0.994
186278.40       56922.49       142.38          0.995
186912.00       57116.10       142.86          0.995
187545.60       57309.71       143.35          0.995
188179.20       57503.33       143.83          0.996
188812.80       57696.94       144.32          0.996
189446.40       57890.56       144.80          0.996
190080.00       58084.17       145.28          0.996
190713.60       58277.78       145.77          0.997
191347.20       58471.40       146.25          0.997
191980.80       58665.01       146.74          0.997
192614.40       58858.63       147.22          0.997
193248.00       59052.24       147.71          0.997
193881.60       59245.85       148.19          0.998
194515.20       59439.47       148.67          0.998
195148.80       59633.08       149.16          0.998
195782.40       59826.69       149.64          0.998
196416.00       60020.31       150.13          0.998
197049.60       60213.92       150.61          0.998
197683.20       60407.54       151.10          0.998
198316.80       60601.15       151.58          0.999
198950.40       60794.76       152.06          0.999
199584.00       60988.38       152.55          0.999
200217.60       61181.99       153.03          0.999
200851.20       61375.61       153.52          0.999
201484.80       61569.22       154.00          0.999
202118.40       61762.83       154.49          0.999
202752.00       61956.45       154.97          0.999
203385.60       62150.06       155.45          0.999
204019.20       62343.68       155.94          0.999
204652.80       62537.29       156.42          0.999
205286.40       62730.90       156.91          0.999
205920.00       62924.52       157.39          0.999
206553.60       63118.13       157.88          0.999
207187.20       63311.74       158.36          1.000
207820.80       63505.36       158.84          1.000
208454.40       63698.97       159.33          1.000
209088.00       63892.59       159.81          1.000
209721.60       64086.20       160.30          1.000
210355.20       64279.81       160.78          1.000
210988.80       64473.43       161.27          1.000
211622.40       64667.04       161.75          1.000
212256.00       64860.66       162.23          1.000
212889.60       65054.27       162.72          1.000
213523.20       65247.88       163.20          1.000
214156.80       65441.50       163.69          1.000
214790.40       65635.11       164.17          1.000
215424.00       65828.73       164.66          1.000
216057.60       66022.34       165.14          1.000
216691.20       66215.95       165.62          1.000
217324.80       66409.57       166.11          1.000
217958.40       66603.18       166.59          1.000
218592.00       66796.79       167.08          1.000
219225.60       66990.41       167.56          1.000
219859.20       67184.02       168.05          1.000
220492.80       67377.64       168.53          1.000
221126.40       67571.25       169.01          1.000
221760.00       67764.86       169.50          1.000
222393.60       67958.48       169.98          1.000
223027.20       68152.09       170.47          1.000
223660.80       68345.71       170.95          1.000
224294.40       68539.32       171.44          1.000
224928.00       68732.93       171.92          1.000
225561.60       68926.55       172.40          1.000
226195.20       69120.16       172.89          1.000
226828.80       69313.78       173.37          1.000
227462.40       69507.39       173.86          1.000
228096.00       69701.00       174.34          1.000
228729.60       69894.62       174.83          1.000
229363.20       70088.23       175.31          1.000
229996.80       70281.85       175.79          1.000
230630.40       70475.46       176.28          1.000
231264.00       70669.07       176.76          1.000
231897.60       70862.69       177.25          1.000
232531.20       71056.30       177.73          1.000
233164.80       71249.91       178.22          1.000
233798.40       71443.53       178.70          1.000
234432.00       71637.14       179.18          1.000
235065.60       71830.76       179.67          1.000
235699.20       72024.37       180.15          1.000
236332.80       72217.98       180.64          1.000
236966.40       72411.60       181.12          1.000
237600.00       72605.21       181.61          1.000
238233.60       72798.83       182.09          1.000
238867.20       72992.44       182.57          1.000
239500.80       73186.05       183.06          1.000
240134.40       73379.67       183.54          1.000
240768.00       73573.28       184.03          1.000
241401.60       73766.90       184.51          1.000
242035.20       73960.51       185.00          1.000
242668.80       74154.12       185.48          1.000
243302.40       74347.74       185.96          1.000
243936.00       74541.35       186.45          1.000
244569.60       74734.96       186.93          1.000
245203.20       74928.58       187.42          1.000
245836.80       75122.19       187.90          1.000
246470.40       75315.81       188.39          1.000
247104.00       75509.42       188.87          1.000
247737.60       75703.03       189.35          1.000
248371.20       75896.65       189.84          1.000
249004.80       76090.26       190.32          1.000
249638.40       76283.88       190.81          1.000
250000.00       76394.37       191.08          1.000
