1.0000000000000000E-008
1440.0000000100001     
2880.0000000100003     
4320.0000000100008     
5760.0000000100008     
7200.0000000100017     
8640.0000000100008     
10080.000000010003     
11520.000000010001     
12960.000000010001     
14400.000000010003     
15840.000000010003     
17280.000000010001     
18720.000000010004     
20160.000000010004     
21600.000000010004     
23040.000000010004     
24480.000000010001     
25920.000000010001     
27360.000000009997     
28800.000000009997     
30240.000000009994     
31680.000000009990     
33120.000000009990     
34560.000000009990     
36000.000000009983     
37440.000000009983     
38880.000000009983     
40320.000000009975     
41760.000000009975     
43200.000000009975     
44640.000000009975     
46080.000000009975     
47520.000000009975     
48960.000000009968     
50400.000000009968     
51840.000000009968     
53280.000000009968     
54720.000000009961     
56160.000000009961     
57600.000000009961     
59040.000000009954     
60480.000000009954     
61920.000000009954     
63360.000000009954     
64800.000000009946     
66240.000000009939     
67680.000000009939     
69120.000000009939     
70560.000000009939     
72000.000000009939     
73440.000000009939     
74880.000000009939     
76320.000000009924     
77760.000000009924     
79200.000000009924     
80640.000000009924     
82080.000000009924     
83520.000000009924     
84960.000000009924     
86400.000000009910     
87840.000000009924     
89280.000000009924     
90720.000000009924     
92160.000000009924     
93600.000000009910     
95040.000000009910     
96480.000000009910     
97920.000000009910     
99360.000000009910     
100800.00000000991     
102240.00000000991     
103680.00000000990     
105120.00000000990     
106560.00000000990     
108000.00000000990     
109440.00000000990     
110880.00000000990     
112320.00000000990     
113760.00000000988     
115200.00000000988     
116640.00000000988     
118080.00000000988     
119520.00000000988     
120960.00000000988     
122400.00000000988     
123840.00000000987     
125280.00000000987     
126720.00000000987     
128160.00000000987     
129600.00000000987     
131040.00000000987     
132480.00000000987     
133920.00000000987     
135360.00000000987     
136800.00000000987     
138240.00000000984     
139680.00000000984     
141120.00000000984     
142560.00000000984     
144000.00000000984     
145440.00000000984     
146880.00000000984     
148320.00000000984     
149760.00000000984     
151200.00000000984     
152640.00000000984     
154080.00000000984     
155520.00000000984     
156960.00000000984     
158400.00000000981     
159840.00000000981     
161280.00000000981     
162720.00000000981     
164160.00000000981     
165600.00000000981     
167040.00000000981     
168480.00000000981     
169920.00000000981     
171360.00000000981     
172800.00000000981     
174240.00000000981     
175680.00000000981     
177120.00000000981     
178560.00000000981     
180000.00000000981     
181440.00000000981     
182880.00000000981     
184320.00000000981     
185760.00000000981     
187200.00000000981     
188640.00000000981     
190080.00000000981     
191520.00000000978     
192960.00000000978     
194400.00000000978     
195840.00000000978     
197280.00000000978     
198720.00000000978     
200160.00000000978     
201600.00000000978     
203040.00000000978     
204480.00000000978     
205920.00000000978     
207360.00000000978     
208800.00000000978     
210240.00000000978     
211680.00000000975     
213120.00000000975     
214560.00000000975     
216000.00000000975     
217440.00000000975     
218880.00000000975     
220320.00000000975     
221760.00000000975     
223200.00000000975     
224640.00000000975     
226080.00000000975     
227520.00000000975     
228960.00000000975     
230400.00000000975     
231840.00000000972     
233280.00000000972     
234720.00000000972     
236160.00000000972     
237600.00000000972     
239040.00000000972     
240480.00000000972     
241920.00000000972     
243360.00000000972     
244800.00000000972     
246240.00000000972     
247680.00000000972     
249120.00000000972     
250559.99999999997 